# This file was generated by Animated Java via MC-Build. It is not recommended to edit this file directly.
$data merge entity $(bone_head) { transformation: [-1f,4.273955692857142e-18f,1.2239007774061617e-16f,0.062499999999999986f,0f,0.9993908270190958f,-0.03489949670250097f,1.8125f,-1.2246467991473532e-16f,-0.03489949670250097f,-0.9993908270190958f,0.125f,0f,0f,0f,1f], start_interpolation: 0, interpolation_duration: 1 }
$data merge entity $(bone_rightarm) { transformation: [-0.9902680687415704f,0.13917310096006544f,1.2246467991473532e-16f,-0.3625f,0.13917310096006544f,0.9902680687415704f,0f,1.1875f,-1.2127286206821952e-16f,1.7043789261815557e-17f,-1f,0.12499999999999996f,0f,0f,0f,1f], start_interpolation: 0, interpolation_duration: 1 }
$data merge entity $(bone_leftarm) { transformation: [-0.984807753012208f,-0.17364817766693033f,1.2246467991473532e-16f,0.4375f,-0.17364817766693033f,0.984807753012208f,0f,1.4375f,-1.2060416625018976e-16f,-2.1265768495757713e-17f,-1f,0.12500000000000006f,0f,0f,0f,1f], start_interpolation: 0, interpolation_duration: 1 }