# This file was generated by Animated Java via MC-Build. It is not recommended to edit this file directly.
$data merge entity $(bone_head) { transformation: [-1f,4.540959038328645e-18f,1.2238046215646843e-16f,0.062499999999999986f,0f,0.9993123098159769f,-0.03707974447400048f,1.8125f,-1.2246467991473532e-16f,-0.03707974447400048f,-0.9993123098159769f,0.125f,0f,0f,0f,1f], start_interpolation: 0, interpolation_duration: 1 }
$data merge entity $(bone_rightarm) { transformation: [-0.9890158633619168f,0.14780941112961063f,1.2246467991473532e-16f,-0.365625f,0.14780941112961063f,0.9890158633619168f,0f,1.1875f,-1.2111951113721276e-16f,1.8101432222373284e-17f,-1f,0.12499999999999996f,0f,0f,0f,1f], start_interpolation: 0, interpolation_duration: 1 }
$data merge entity $(bone_leftarm) { transformation: [-0.9828549916653012f,-0.18438021954266337f,1.2246467991473532e-16f,0.4375f,-0.18438021954266337f,0.9828549916653012f,0f,1.4375f,-1.2036502195689097e-16f,-2.2580064568900894e-17f,-1f,0.12500000000000006f,0f,0f,0f,1f], start_interpolation: 0, interpolation_duration: 1 }