# This file was generated by Animated Java via MC-Build. It is not recommended to edit this file directly.
$data merge entity $(bone_head) { transformation: [-1f,4.807940770445818e-18f,1.223702640847296e-16f,0.062499999999999986f,0f,0.9992290362407229f,-0.0392598157590686f,1.8125f,-1.2246467991473532e-16f,-0.0392598157590686f,-0.9992290362407229f,0.125f,0f,0f,0f,1f], start_interpolation: 0, interpolation_duration: 1 }
$data merge entity $(bone_rightarm) { transformation: [-0.9876883405951378f,0.15643446504023087f,1.2246467991473532e-16f,-0.36875f,0.15643446504023087f,0.9876883405951378f,0f,1.1875f,-1.2095693648649962e-16f,1.9157696688784726e-17f,-1f,0.12499999999999996f,0f,0f,0f,1f], start_interpolation: 0, interpolation_duration: 1 }
$data merge entity $(bone_leftarm) { transformation: [-0.9807852804032304f,-0.19509032201612828f,1.2246467991473532e-16f,0.4375f,-0.19509032201612828f,0.9807852804032304f,0f,1.4375f,-1.2011155542966555e-16f,-2.389167384016779e-17f,-1f,0.12500000000000006f,0f,0f,0f,1f], start_interpolation: 0, interpolation_duration: 1 }