# This file was generated by Animated Java via MC-Build. It is not recommended to edit this file directly.
$data merge entity $(bone_head) { transformation: [-1f,5.074899618470321e-18f,1.2235948357393892e-16f,0.062499999999999986f,0f,0.9991410066896868f,-0.041439700181339335f,1.8125f,-1.2246467991473532e-16f,-0.041439700181339335f,-0.9991410066896868f,0.125f,0f,0f,0f,1f], start_interpolation: 0, interpolation_duration: 1 }
$data merge entity $(bone_rightarm) { transformation: [-0.9862856015372314f,0.16504760586067765f,1.2246467991473532e-16f,-0.371875f,0.16504760586067765f,0.9862856015372314f,0f,1.1875f,-1.2078515049676923e-16f,2.021250222242128e-17f,-1f,0.12499999999999996f,0f,0f,0f,1f], start_interpolation: 0, interpolation_duration: 1 }
$data merge entity $(bone_leftarm) { transformation: [-0.9785988655009383f,-0.2057772106922349f,1.2246467991473532e-16f,0.4375f,-0.2057772106922349f,0.9785988655009383f,0f,1.4375f,-1.1984379682849554e-16f,-2.5200440241171597e-17f,-1f,0.12500000000000006f,0f,0f,0f,1f], start_interpolation: 0, interpolation_duration: 1 }