# This file was generated by Animated Java via MC-Build. It is not recommended to edit this file directly.
$data merge entity $(bone_head) { transformation: [-1f,5.341834311772723e-18f,1.223481206754078e-16f,0.062499999999999986f,0f,0.9990482215818578f,-0.043619387365336f,1.8125f,-1.2246467991473532e-16f,-0.043619387365336f,-0.9990482215818578f,0.125f,0f,0f,0f,1f], start_interpolation: 0, interpolation_duration: 1 }
$data merge entity $(bone_rightarm) { transformation: [-0.984807753012208f,0.17364817766693033f,1.2246467991473532e-16f,-0.375f,0.17364817766693033f,0.984807753012208f,0f,1.1875f,-1.2060416625018976e-16f,2.1265768495757713e-17f,-1f,0.12499999999999996f,0f,0f,0f,1f], start_interpolation: 0, interpolation_duration: 1 }
$data merge entity $(bone_leftarm) { transformation: [-0.9762960071199334f,-0.21643961393810288f,1.2246467991473532e-16f,0.4375f,-0.21643961393810288f,0.9762960071199334f,0f,1.4375f,-1.195617780139768e-16f,-2.6506208041798655e-17f,-1f,0.12500000000000006f,0f,0f,0f,1f], start_interpolation: 0, interpolation_duration: 1 }