# This file was generated by Animated Java via MC-Build. It is not recommended to edit this file directly.
$data merge entity $(bone_head) { transformation: [-1f,4.006932004872529e-18f,1.223991107914061e-16f,0.062499999999999986f,0f,0.9994645874763657f,-0.03271908282177614f,1.8125f,-1.2246467991473532e-16f,-0.03271908282177614f,-0.9994645874763657f,0.125f,0f,0f,0f,1f], start_interpolation: 0, interpolation_duration: 1 }
$data merge entity $(bone_rightarm) { transformation: [-0.9914448613738104f,0.13052619222005157f,1.2246467991473532e-16f,-0.359375f,0.13052619222005157f,0.9914448613738104f,0f,1.1875f,-1.2141697760125282e-16f,1.5984848350717833e-17f,-1f,0.12499999999999996f,0f,0f,0f,1f], start_interpolation: 0, interpolation_duration: 1 }
$data merge entity $(bone_leftarm) { transformation: [-0.986643332084879f,-0.16289547339458874f,1.2246467991473532e-16f,0.4375f,-0.16289547339458874f,0.986643332084879f,0f,1.4375f,-1.208289598537826e-16f,-1.9948942008827592e-17f,-1f,0.12500000000000006f,0f,0f,0f,1f], start_interpolation: 0, interpolation_duration: 1 }